"День" "Молоко" "Хлеб" "Каша" "Йогурт" "Апельсины" "Огурцы"
"1" "понедельник" 54 3 79 41 26 48
"2" "вторник" 61 60 23 70 38 46
"3" "среда" 45 77 68 44 26 81
"4" "четверг" 38 41 60 43 71 72
"5" "пятница" 52 55 30 67 38 49
"6" "суббота" 34 68 74 38 18 12
"7" "воскресенье" 54 64 39 18 77 29
"8" "понедельник" 19 28 80 47 4 18
"9" "вторник" 12 14 42 81 60 7
"10" "среда" 12 71 78 74 28 35
"11" "четверг" 10 3 52 40 62 79
"12" "пятница" 26 74 19 15 36 33
"13" "суббота" 66 39 5 62 61 65
"14" "воскресенье" 60 71 69 56 31 4
"15" "понедельник" 6 71 40 74 52 30
"16" "вторник" 9 24 64 66 42 11
"17" "среда" 3 61 39 64 21 17
"18" "четверг" 49 75 24 25 31 36
"19" "пятница" 10 71 74 15 62 12
"20" "суббота" 37 24 66 63 6 58
"21" "воскресенье" 38 12 31 69 43 70
"22" "понедельник" 42 82 64 17 48 63
"23" "вторник" 9 15 17 4 73 22
"24" "среда" 3 22 5 70 49 65
"25" "четверг" 72 17 69 60 39 77
"26" "пятница" 13 72 24 4 25 3
"27" "суббота" 26 7 70 34 65 19
"28" "воскресенье" 20 12 34 58 20 70
"29" "понедельник" 14 75 76 56 50 26
"30" "вторник" 72 60 51 23 38 42
