"День" "Молоко" "Хлеб" "Каша" "Йогурт" "Апельсины" "Огурцы"
"1" "понедельник" 54 41 52 9 57 30
"2" "вторник" 58 8 20 27 35 54
"3" "среда" 47 15 60 22 55 59
"4" "четверг" 68 18 30 55 12 31
"5" "пятница" 56 50 31 10 23 50
"6" "суббота" 63 22 65 42 68 8
"7" "воскресенье" 22 62 57 59 21 9
"8" "понедельник" 43 57 46 34 11 46
"9" "вторник" 46 8 42 16 44 26
"10" "среда" 13 67 40 40 46 56
"11" "четверг" 65 51 34 16 49 43
"12" "пятница" 15 34 39 56 45 19
"13" "суббота" 8 24 16 55 58 24
"14" "воскресенье" 47 38 15 67 16 68
"15" "понедельник" 29 45 38 32 17 41
"16" "вторник" 22 68 66 56 54 10
"17" "среда" 49 67 12 42 48 30
"18" "четверг" 62 59 38 28 12 46
"19" "пятница" 44 47 46 23 37 46
"20" "суббота" 45 15 57 67 21 22
"21" "воскресенье" 21 18 11 30 39 38
"22" "понедельник" 25 15 22 20 14 64
"23" "вторник" 49 11 17 15 68 34
"24" "среда" 21 44 21 55 33 35
"25" "четверг" 46 8 49 7 51 17
"26" "пятница" 64 61 51 68 18 27
"27" "суббота" 52 19 37 27 42 31
"28" "воскресенье" 65 55 42 14 38 56
"29" "понедельник" 66 59 25 62 24 54
"30" "вторник" 42 36 29 68 24 37
