"День" "Молоко" "Хлеб" "Каша" "Йогурт" "Апельсины" "Огурцы"
"1" "понедельник" 41 25 31 50 41 36
"2" "вторник" 14 40 11 41 26 7
"3" "среда" 26 11 26 8 7 7
"4" "четверг" 9 23 38 7 10 44
"5" "пятница" 41 35 53 6 12 30
"6" "суббота" 17 17 12 48 26 34
"7" "воскресенье" 26 15 21 5 30 30
"8" "понедельник" 17 27 47 38 30 10
"9" "вторник" 32 33 49 51 31 15
"10" "среда" 5 33 52 40 36 45
"11" "четверг" 25 7 49 36 26 28
"12" "пятница" 11 28 15 31 41 16
"13" "суббота" 27 27 42 43 33 38
"14" "воскресенье" 44 46 47 50 13 35
"15" "понедельник" 17 29 51 15 32 48
"16" "вторник" 48 29 36 53 20 46
"17" "среда" 27 26 12 42 34 29
"18" "четверг" 49 19 17 42 5 23
"19" "пятница" 20 17 50 35 50 22
"20" "суббота" 44 28 47 16 32 6
"21" "воскресенье" 16 16 52 47 23 53
"22" "понедельник" 25 38 7 47 12 20
"23" "вторник" 7 37 53 11 40 32
"24" "среда" 39 28 51 50 53 31
"25" "четверг" 37 53 7 19 23 6
"26" "пятница" 34 36 26 7 30 14
"27" "суббота" 27 48 11 19 39 20
"28" "воскресенье" 36 41 51 24 19 23
"29" "понедельник" 45 34 43 29 32 34
"30" "вторник" 24 45 53 27 36 50
