"День" "Молоко" "Хлеб" "Каша" "Йогурт" "Апельсины" "Огурцы"
"1" "понедельник" 27 34 31 66 5 30
"2" "вторник" 56 64 40 37 13 4
"3" "среда" 49 4 29 28 34 24
"4" "четверг" 40 41 53 57 49 6
"5" "пятница" 18 47 67 25 20 50
"6" "суббота" 28 35 6 23 34 55
"7" "воскресенье" 29 55 33 10 71 56
"8" "понедельник" 12 8 24 31 51 33
"9" "вторник" 21 23 66 70 19 14
"10" "среда" 26 38 44 40 16 51
"11" "четверг" 53 54 58 4 18 22
"12" "пятница" 27 50 43 68 69 20
"13" "суббота" 58 29 20 57 29 17
"14" "воскресенье" 5 34 59 70 40 35
"15" "понедельник" 43 46 70 35 30 54
"16" "вторник" 67 31 34 8 51 7
"17" "среда" 18 59 62 23 17 65
"18" "четверг" 40 68 54 9 11 9
"19" "пятница" 68 44 42 19 22 61
"20" "суббота" 26 60 41 29 3 71
"21" "воскресенье" 67 33 64 59 41 70
"22" "понедельник" 43 46 41 44 65 67
"23" "вторник" 60 70 57 3 31 8
"24" "среда" 11 67 36 19 62 25
"25" "четверг" 47 31 41 59 40 47
"26" "пятница" 39 47 21 54 30 47
"27" "суббота" 43 68 42 44 22 43
"28" "воскресенье" 23 50 66 39 24 43
"29" "понедельник" 19 25 46 20 32 65
"30" "вторник" 9 65 60 14 64 4
