"День" "Молоко" "Хлеб" "Каша" "Йогурт" "Апельсины" "Огурцы"
"1" "понедельник" 36 55 40 20 52 52
"2" "вторник" 64 39 29 75 58 30
"3" "среда" 24 43 12 54 38 54
"4" "четверг" 29 11 40 43 65 76
"5" "пятница" 41 40 22 53 8 32
"6" "суббота" 69 57 33 51 44 8
"7" "воскресенье" 43 15 21 55 44 36
"8" "понедельник" 25 8 22 35 49 16
"9" "вторник" 39 75 18 41 11 25
"10" "среда" 30 42 71 16 15 44
"11" "четверг" 59 70 13 51 64 54
"12" "пятница" 68 67 45 14 20 8
"13" "суббота" 34 30 66 11 14 65
"14" "воскресенье" 8 46 12 34 65 45
"15" "понедельник" 21 70 14 19 38 42
"16" "вторник" 42 13 31 29 61 18
"17" "среда" 41 27 46 10 24 53
"18" "четверг" 38 13 49 26 23 59
"19" "пятница" 18 14 7 66 13 76
"20" "суббота" 65 11 43 27 25 33
"21" "воскресенье" 54 76 10 47 9 23
"22" "понедельник" 76 56 12 33 75 66
"23" "вторник" 8 26 31 32 30 58
"24" "среда" 53 46 30 19 34 28
"25" "четверг" 15 61 60 64 57 75
"26" "пятница" 55 58 64 71 54 53
"27" "суббота" 28 31 9 63 73 34
"28" "воскресенье" 28 47 70 21 35 23
"29" "понедельник" 59 14 12 75 65 34
"30" "вторник" 50 70 57 48 52 18
