"День" "Молоко" "Хлеб" "Каша" "Йогурт" "Апельсины" "Огурцы"
"1" "понедельник" 8 18 77 68 21 48
"2" "вторник" 21 74 73 35 71 63
"3" "среда" 68 59 69 26 22 49
"4" "четверг" 58 28 19 52 41 86
"5" "пятница" 23 21 73 37 65 53
"6" "суббота" 12 6 26 34 19 84
"7" "воскресенье" 33 69 58 28 41 80
"8" "понедельник" 56 72 59 48 81 52
"9" "вторник" 14 33 46 65 17 28
"10" "среда" 21 64 19 78 37 43
"11" "четверг" 74 54 8 71 17 34
"12" "пятница" 82 32 20 49 54 33
"13" "суббота" 26 60 70 42 60 58
"14" "воскресенье" 66 37 23 60 33 84
"15" "понедельник" 46 32 37 46 78 24
"16" "вторник" 70 80 16 27 74 58
"17" "среда" 21 58 34 63 68 70
"18" "четверг" 87 53 52 63 28 53
"19" "пятница" 59 85 28 46 24 26
"20" "суббота" 28 32 66 79 37 52
"21" "воскресенье" 32 86 35 25 56 22
"22" "понедельник" 27 52 13 66 51 40
"23" "вторник" 61 48 67 9 60 31
"24" "среда" 48 8 66 77 28 29
"25" "четверг" 28 39 10 70 62 20
"26" "пятница" 17 58 71 70 9 68
"27" "суббота" 55 25 80 84 63 49
"28" "воскресенье" 73 63 60 51 40 46
"29" "понедельник" 23 70 27 40 49 66
"30" "вторник" 87 57 32 13 70 59
