"День" "Молоко" "Хлеб" "Каша" "Йогурт" "Апельсины" "Огурцы"
"1" "понедельник" 9 53 60 28 17 49
"2" "вторник" 45 14 32 22 49 15
"3" "среда" 35 24 40 41 43 47
"4" "четверг" 45 31 40 57 41 15
"5" "пятница" 15 25 15 58 16 41
"6" "суббота" 56 42 53 17 34 53
"7" "воскресенье" 22 60 10 12 43 7
"8" "понедельник" 17 21 34 59 39 55
"9" "вторник" 18 17 34 15 6 60
"10" "среда" 40 35 61 11 35 42
"11" "четверг" 14 6 12 18 38 34
"12" "пятница" 13 17 41 19 63 54
"13" "суббота" 46 11 21 19 55 54
"14" "воскресенье" 31 10 28 35 6 41
"15" "понедельник" 51 51 33 34 28 23
"16" "вторник" 26 42 55 19 31 55
"17" "среда" 35 8 37 50 37 51
"18" "четверг" 7 9 27 49 35 16
"19" "пятница" 29 28 52 62 7 19
"20" "суббота" 32 38 45 14 59 29
"21" "воскресенье" 38 41 16 53 63 12
"22" "понедельник" 36 7 35 42 24 55
"23" "вторник" 6 54 58 12 6 15
"24" "среда" 44 32 52 24 52 41
"25" "четверг" 29 33 22 46 28 37
"26" "пятница" 19 25 63 38 42 63
"27" "суббота" 38 59 57 11 41 35
"28" "воскресенье" 59 7 39 29 56 45
"29" "понедельник" 61 13 32 38 46 9
"30" "вторник" 12 33 30 40 18 24
