"День" "Молоко" "Хлеб" "Каша" "Йогурт" "Апельсины" "Огурцы"
"1" "понедельник" 25 57 75 9 29 76
"2" "вторник" 26 67 30 62 31 52
"3" "среда" 70 63 77 16 75 47
"4" "четверг" 72 16 31 66 24 79
"5" "пятница" 47 30 48 64 54 49
"6" "суббота" 71 4 65 19 44 53
"7" "воскресенье" 41 36 76 38 57 68
"8" "понедельник" 27 25 25 79 58 50
"9" "вторник" 55 47 43 52 5 46
"10" "среда" 37 70 60 73 24 44
"11" "четверг" 39 43 65 50 44 26
"12" "пятница" 5 8 18 11 5 32
"13" "суббота" 9 42 40 4 11 59
"14" "воскресенье" 66 72 47 41 56 60
"15" "понедельник" 57 49 38 36 32 81
"16" "вторник" 64 29 20 28 17 17
"17" "среда" 51 51 49 69 25 45
"18" "четверг" 31 53 52 24 41 58
"19" "пятница" 6 49 43 15 60 80
"20" "суббота" 36 55 81 33 30 77
"21" "воскресенье" 47 48 38 36 27 34
"22" "понедельник" 44 73 33 41 35 77
"23" "вторник" 57 46 20 14 68 54
"24" "среда" 8 35 28 17 77 25
"25" "четверг" 29 17 15 33 32 35
"26" "пятница" 30 39 7 80 28 64
"27" "суббота" 66 30 30 81 67 27
"28" "воскресенье" 4 10 69 38 62 43
"29" "понедельник" 49 17 9 63 40 73
"30" "вторник" 56 38 4 14 12 9
