"День" "Молоко" "Хлеб" "Каша" "Йогурт" "Апельсины" "Огурцы"
"1" "понедельник" 17 43 3 49 66 66
"2" "вторник" 47 19 12 24 72 59
"3" "среда" 27 24 33 19 38 12
"4" "четверг" 18 24 45 7 63 69
"5" "пятница" 77 57 53 40 37 19
"6" "суббота" 8 3 56 66 43 22
"7" "воскресенье" 27 45 25 55 74 24
"8" "понедельник" 17 67 71 60 6 10
"9" "вторник" 23 62 56 20 61 22
"10" "среда" 45 18 59 22 37 34
"11" "четверг" 42 70 5 64 65 72
"12" "пятница" 74 14 47 60 24 52
"13" "суббота" 44 25 29 22 15 20
"14" "воскресенье" 21 76 26 6 23 63
"15" "понедельник" 31 70 67 24 15 55
"16" "вторник" 77 63 20 7 76 69
"17" "среда" 58 63 36 6 25 26
"18" "четверг" 15 77 56 27 24 47
"19" "пятница" 11 68 67 65 7 8
"20" "суббота" 41 12 9 13 69 55
"21" "воскресенье" 38 48 25 59 55 63
"22" "понедельник" 26 74 67 41 21 8
"23" "вторник" 39 38 70 56 43 31
"24" "среда" 10 31 58 19 72 48
"25" "четверг" 72 4 40 27 72 77
"26" "пятница" 59 67 66 54 69 56
"27" "суббота" 51 68 56 68 43 56
"28" "воскресенье" 47 22 31 70 12 46
"29" "понедельник" 57 62 72 8 35 70
"30" "вторник" 26 65 59 60 48 51
