"День" "Молоко" "Хлеб" "Каша" "Йогурт" "Апельсины" "Огурцы"
"1" "понедельник" 55 25 61 50 20 15
"2" "вторник" 59 31 53 32 46 27
"3" "среда" 13 42 39 66 24 49
"4" "четверг" 61 66 66 64 42 71
"5" "пятница" 56 26 63 50 59 8
"6" "суббота" 44 24 54 69 14 35
"7" "воскресенье" 34 66 42 26 74 68
"8" "понедельник" 22 17 16 23 25 63
"9" "вторник" 23 17 37 38 26 69
"10" "среда" 19 60 22 44 17 15
"11" "четверг" 57 16 12 49 69 73
"12" "пятница" 60 26 50 71 55 66
"13" "суббота" 48 11 58 72 75 28
"14" "воскресенье" 12 32 74 18 20 25
"15" "понедельник" 74 10 38 66 7 70
"16" "вторник" 65 39 9 72 29 52
"17" "среда" 64 7 28 14 22 18
"18" "четверг" 38 41 14 56 31 22
"19" "пятница" 23 53 29 34 45 11
"20" "суббота" 48 23 41 41 28 18
"21" "воскресенье" 56 56 55 74 65 16
"22" "понедельник" 43 52 47 38 72 39
"23" "вторник" 50 36 40 9 34 28
"24" "среда" 11 15 50 34 42 49
"25" "четверг" 12 64 40 32 62 52
"26" "пятница" 70 75 18 7 66 19
"27" "суббота" 41 9 32 49 28 55
"28" "воскресенье" 67 59 14 55 14 16
"29" "понедельник" 8 65 14 38 17 62
"30" "вторник" 14 11 60 63 28 75
